# system parameters
kA: 0.5
kB: 2
I1: 2
I2: 1
lamA: 0.0
lamB: 0.0
# initial conditions
th1: -0.99161367
th2: 0.18276939
th1dot: 0.0
th2dot: 0.0
# driving frequency
omega: 0.00
# time
tmax: 200.0